1.20028	5360
1.40372	5896
1.40626	6432
1.40797	6968
1.4105	7504
1.41221	8040
1.60572	8576
1.60831	9112
1.61008	9648
1.61267	10184
1.61527	10720
1.61703	11256
1.6188	11792
1.80772	12328
1.80949	12864
1.81208	13400
1.81385	13936
1.81562	14472
1.81821	15008
1.8208	15544
1.82257	16080
1.82516	16616
1.82693	17152
1.8287	17688
2.01019	18224
2.01279	18760
2.01455	19296
2.01715	19832
2.01891	20368
2.02068	20904
2.02245	21440
2.02504	21976
2.02681	22512
2.0294	23048
2.03199	23584
2.03376	24120
2.03635	24656
2.03812	25192
2.03989	25728
2.04166	26264
2.21174	26800
2.21351	27336
2.2161	27872
2.21869	28408
2.22046	28944
2.22305	29480
2.22482	30016
2.22659	30552
2.22836	31088
2.23095	31624
2.23272	32160
2.23531	32696
2.23708	33232
2.23884	33768
2.24144	34304
2.24403	34840
2.2458	35376
2.24756	35912
2.25098	36448
2.25192	36984
2.25452	37520
2.25628	38056
2.25805	38592
2.25982	39128
2.41372	39664
2.41549	40200
2.41726	40736
2.41985	41272
2.42162	41808
2.42421	42344
2.4268	42880
2.42857	43416
2.43116	43952
2.43293	44488
2.4347	45024
2.43647	45560
2.43906	46096
2.44	46632
2.44342	47168
2.44519	47704
2.44695	48240
2.44955	48776
2.45131	49312
2.45308	49848
2.45485	50384
2.45827	50920
2.46003	51456
2.46263	51992
2.46439	52528
2.46616	53064
2.46793	53600
2.47135	54136
2.47311	54672
2.47488	55208
2.47747	55744
2.47924	56280
2.48101	56816
2.48278	57352
2.48455	57888
2.48631	58424
2.61572	58960
2.61749	59496
2.61926	60032
2.62103	60568
2.62279	61104
2.62539	61640
2.62798	62176
2.62975	62712
2.63234	63248
2.63493	63784
2.6367	64320
2.63847	64856
2.64106	65392
2.64283	65928
2.64542	66464
2.64719	67000
2.64895	67536
2.65072	68072
2.65331	68608
2.65508	69144
2.65685	69680
2.66027	70216
2.66203	70752
2.6638	71288
2.66557	71824
2.66734	72360
2.66993	72896
2.6717	73432
2.67347	73968
2.67606	74504
2.67783	75040
2.67959	75576
2.68301	76112
2.68478	76648
2.68655	77184
2.68914	77720
2.69173	78256
2.69267	78792
2.69527	79328
2.69703	79864
2.6988	80400
2.70222	80936
2.70399	81472
2.70575	82008
2.70835	82544
2.71094	83080
2.71271	83616
2.71447	84152
2.71624	84688
2.71801	85224
2.71978	85760
2.72237	86296
2.72414	86832
2.72591	87368
2.83315	87904
2.83491	88440
2.83668	88976
2.83845	89512
2.84022	90048
2.84281	90584
2.84458	91120
2.84635	91656
2.84894	92192
2.85153	92728
2.8533	93264
2.85507	93800
2.85766	94336
2.85943	94872
2.86284	95408
2.86461	95944
2.86638	96480
2.86815	97016
2.87074	97552
2.87251	98088
2.87427	98624
2.87769	99160
2.87946	99696
2.88123	100232
2.88299	100768
2.88476	101304
2.88653	101840
2.88912	102376
2.89089	102912
2.89348	103448
2.89525	103984
2.89702	104520
2.90043	105056
2.9022	105592
2.90397	106128
2.90574	106664
2.90833	107200
2.9101	107736
2.91187	108272
2.91446	108808
2.91623	109344
2.91799	109880
2.92059	110416
2.92235	110952
2.92495	111488
2.92671	112024
2.92848	112560
2.93025	113096
2.93367	113632
2.93543	114168
2.9372	114704
2.93979	115240
2.94156	115776
2.94415	116312
2.94675	116848
2.94851	117384
2.95028	117920
2.95205	118456
2.95382	118992
2.95641	119528
2.95818	120064
2.95995	120600
2.96336	121136
2.96513	121672
2.9669	122208
2.96867	122744
2.97126	123280
2.97303	123816
2.97562	124352
2.97656	124888
2.97751	125424
2.9801	125960
2.98187	126496
2.98446	127032
2.98623	127568
2.98717	128104
2.98976	128640
2.99153	129176
2.99412	129712
2.99589	130248
2.99683	130784
3.08842	131320
3.09019	131856
3.09278	132392
3.09455	132928
3.09631	133464
3.09808	134000
3.09985	134536
3.10162	135072
3.10421	135608
3.1068	136144
3.10857	136680
3.11034	137216
3.11293	137752
3.1147	138288
3.11729	138824
3.11906	139360
3.12083	139896
3.12342	140432
3.12601	140968
3.12778	141504
3.12955	142040
3.13214	142576
3.13391	143112
3.1365	143648
3.13827	144184
3.13921	144720
3.1418	145256
3.14357	145792
3.14616	146328
3.14793	146864
3.14887	147400
3.15147	147936
3.15323	148472
3.15583	149008
3.15677	149544
3.15854	150080
3.16031	150616
3.1629	151152
3.16467	151688
3.16561	152224
3.1682	152760
3.16997	153296
3.17256	153832
3.17433	154368
3.17527	154904
3.17787	155440
3.17963	155976
3.18223	156512
3.18317	157048
3.18494	157584
3.18753	158120
3.1893	158656
3.19107	159192
3.19201	159728
3.1946	160264
3.19637	160800
3.19896	161336
3.20073	161872
3.20167	162408
3.20427	162944
3.20603	163480
3.20863	164016
3.20957	164552
3.21134	165088
3.21393	165624
3.2157	166160
3.21747	166696
3.21841	167232
3.221	167768
3.22277	168304
3.22536	168840
3.22631	169376
3.22807	169912
3.23067	170448
3.23243	170984
3.23599	128504
3.29492	95272
3.29539	94942
3.3143	95202
3.31519	95238
3.3169	95274
3.31937	95310
3.35981	95346
3.3624	95382
3.36406	95418
3.365	95454
3.36671	95490
3.37007	95526
3.37178	95562
3.37343	95598
3.37438	95634
3.37609	95670
3.37945	95706
3.38116	95742
3.38363	95778
3.38705	95814
3.38876	95850
3.38965	95886
3.39094	95618
3.39136	95386
3.39183	95118
3.39301	63984
3.50457	63988
3.79056	63992
3.79145	63996
3.79233	64000
3.79404	64004
3.79652	64008
3.79823	64012
3.79918	64016
3.80171	64020
3.80336	64024
3.8059	64028
3.80684	64032
3.80855	64036
3.8102	64040
3.81115	64044
3.81368	64048
3.81539	64052
3.81787	64056
3.81881	64060
3.82052	64064
3.823	64068
3.82471	64072
3.82566	64076
3.82819	64080
3.82984	64084
3.83238	64088
3.83332	64092
3.83503	64096
3.83668	64100
3.83922	64104
3.84016	64108
3.84187	64112
3.84435	64116
3.84529	64120
3.847	64124
3.84954	64128
3.85119	64132
3.85214	64136
3.85467	64140
3.85632	64144
3.85886	64148
3.8598	64152
3.86151	64156
3.86399	64160
3.8657	64164
3.86664	64168
3.86835	64172
3.87083	64176
3.87177	64180
3.87348	64184
3.87602	64188
3.87767	64192
3.87862	64196
3.88115	64200
3.88329	63208
3.88541	63172
3.88583	63208
3.88748	63244
3.88843	63280
3.89096	63316
3.89267	63352
3.89432	63388
3.89527	63424
3.8978	63460
4.11303	63192
4.11351	62924
4.11563	62656
4.1161	62388
4.11739	62120
4.11787	61852
4.11834	61584
4.12046	61316
4.12093	61048
4.1214	60780
4.1227	60512
4.12317	60244
4.12529	59976
4.12576	59708
4.12623	59440
4.12753	59172
4.128	58904
4.13012	58636
4.13059	58368
4.13107	58100
4.13236	57832
4.13283	57564
4.13413	57296
4.1346	57028
4.13507	56760
4.13719	56492
4.13767	56224
4.13896	55956
4.13943	55688
4.13991	55420
4.14203	55152
4.1425	54884
4.14379	54616
4.14427	54348
4.14474	54080
4.14686	53812
4.14733	53544
4.1478	53276
4.1491	53008
4.14957	52740
4.15169	52472
4.15216	52204
4.15263	51936
4.15393	51668
4.1544	51400
4.15652	51132
4.15699	50864
4.15747	50596
4.15876	50328
4.15923	50060
4.16135	49792
4.16183	49524
4.1623	49256
4.16359	48988
4.16407	48720
4.16536	48452
4.16585	48184
4.16632	47916
4.16843	47648
4.1689	46844
4.16937	46576
4.17067	46308
4.17114	46040
4.17326	45772
4.17373	45504
4.1742	45236
4.1755	44968
4.17597	44700
4.17809	44432
4.17856	44164
4.17903	43896
4.18033	43628
4.1808	43360
4.18292	43092
4.18339	42824
4.35938	42556
4.35985	42288
4.36032	42020
4.36079	41752
4.36127	41484
4.36174	41216
4.36303	40948
4.36351	40680
4.36563	40412
4.3661	40144
4.36657	39876
4.36787	39608
4.36834	39340
4.37046	39072
4.37093	38804
4.3714	38536
4.3727	38268
4.37317	38000
4.37447	37732
4.37494	37464
4.37541	37196
4.37753	36928
4.378	36660
4.3793	36392
4.37977	36124
4.38024	35856
4.38236	35588
4.38283	35320
4.38331	35052
4.3846	34784
4.38507	34516
4.38719	34248
4.38767	33980
4.38814	33712
4.38943	33444
4.38991	33176
4.39203	32908
4.3925	32640
4.39297	32372
4.39427	32104
4.39474	31336
4.43537	31345
4.43961	31354
4.44467	31363
4.44973	31372
4.63608	31381
4.63949	31390
4.64373	31399
4.64797	31408
4.65221	31417
4.65563	31426
4.66069	31435
4.66329	31444
4.66753	31453
4.67094	31462
4.67436	31471
4.6753	31480
4.67625	31489
4.67801	31498
4.68061	31507
4.68237	31516
4.68497	31525
4.68591	31534
4.68768	31543
4.69027	31552
4.69204	31561
4.69381	31570
4.69475	31579
4.69734	31588
4.69911	31597
4.70253	31606
4.70759	31615
4.71265	31624
4.71772	31633
4.8917	31642
4.89512	31651
4.89936	31660
4.90442	31669
4.90866	31678
4.91208	31687
4.91714	31696
4.92056	31705
4.9248	31714
4.92904	31723
4.93245	31732
4.93422	31741
4.93599	31750
4.93858	31759
4.94117	31768
4.94377	31777
4.94718	31786
4.94895	31795
4.95072	31804
4.95413	31813
4.95673	31822
4.95849	31831
4.96026	31840
4.96368	31849
4.96627	31858
4.96969	31867
4.97475	31876
4.97981	31885
4.98488	31894
5.1292	31903
5.13261	31912
5.13768	31921
5.14274	31930
5.14698	31938
5.1504	31946
5.15546	31954
5.1597	31962
5.16394	31970
5.16818	31978
5.17242	31986
5.17419	31994
5.17678	32002
5.1802	32010
5.18279	32018
5.18621	32026
5.18962	32034
5.19221	32042
5.19481	32050
5.19822	32058
5.20164	32066
5.20423	32074
5.206	32082
5.21024	32090
5.21283	32098
5.21707	32106
5.22213	32114
5.2272	32122
5.23226	32130
5.35186	32138
5.3561	32146
5.36117	32154
5.36623	32162
5.37047	32170
5.37471	32178
5.37977	32186
5.38401	32194
5.38825	32202
5.39249	32210
5.39756	32218
5.39933	32226
5.40274	32234
5.40616	32242
5.40957	32250
5.41299	32258
5.41723	32266
5.41982	32274
5.42324	32282
5.42665	32290
5.43089	32298
5.43349	32306
5.43608	32314
5.44032	32322
5.44373	32330
5.44797	32338
5.45304	32346
5.4581	32354
5.46317	32362
5.56299	32370
5.56723	32378
5.57229	32386
5.57736	32394
5.57913	32402
5.58337	32410
5.58761	32418
5.59267	32426
5.59773	32434
5.60197	32442
5.60621	32450
5.61128	32458
5.61387	32466
5.61729	32474
5.62153	32482
5.62494	32490
5.62918	32498
5.63342	32506
5.63601	32514
5.64025	32522
5.64367	32530
5.64873	32538
5.65133	32546
5.65474	32554
5.65898	32562
5.6624	32570
5.66746	32578
5.67253	32586
5.67759	32594
5.68265	32602
5.76602	32610
5.77026	32618
5.77532	32626
5.78039	32634
5.78298	32642
5.78722	32650
5.79146	32658
5.79652	32666
5.80159	32674
5.80665	32682
5.81089	32690
5.81595	32698
5.81855	32706
5.82279	32714
5.82703	32722
5.83127	32730
5.83551	32738
5.83975	32746
5.84316	32754
5.8474	32762
5.85082	32770
5.85588	32778
5.8593	32786
5.86271	32794
5.86778	32802
5.87119	32810
5.87626	32818
5.88132	32826
5.88639	32834
5.89145	32842
5.96902	32850
5.97326	32858
5.97832	32866
5.98339	32874
5.9868	32882
5.99104	32890
5.99528	32898
6.00035	32906
6.00541	32914
6.01047	32922
6.01554	32930
6.0206	32938
6.02319	32946
6.02743	32954
6.03167	32962
6.03591	32970
6.04098	32978
6.04522	32986
6.04863	32994
6.0537	33002
6.05711	33010
6.06218	33018
6.06559	33026
6.06983	33034
6.0749	33042
6.07831	33050
6.08338	33058
6.08844	33066
6.09433	33074
6.09939	33082
6.17072	33090
6.17496	33098
6.18003	33106
6.18591	33114
6.18933	33122
6.19357	33130
6.19781	33138
6.20287	33146
6.20876	33154
6.21383	33162
6.21889	33170
6.22395	33178
6.22655	33186
6.23161	33194
6.23585	33202
6.24009	33210
6.24515	33218
6.24939	33226
6.25363	33234
6.2587	33242
6.26211	33250
6.26718	33258
6.27142	33266
6.27566	33274
6.28072	33282
6.28414	33290
6.29003	33298
6.29509	33306
6.30015	33314
6.30604	33322
6.37272	33330
6.37696	33338
6.38203	33346
6.38791	33354
6.39133	33362
6.39639	33370
6.40063	33378
6.4057	33386
6.41159	33394
6.41665	33402
6.42171	33410
6.42678	33418
6.43019	33426
6.43526	33434
6.4395	33442
6.44374	33450
6.4488	33458
6.45387	33466
6.45811	33474
6.45987	33482
6.46411	33490
6.46835	33498
6.47342	33506
6.47766	33514
6.4819	33522
6.48696	33530
6.4912	33538
6.49709	33546
6.50215	33554
6.50722	33562
6.51311	33570
6.57519	33578
6.58026	33586
6.58532	33594
6.59121	33602
6.59463	33610
6.59969	33618
6.60393	33626
6.60899	33634
6.61488	33642
6.61995	33650
6.62501	33658
6.63007	33666
6.63431	33674
6.63938	33682
6.64362	33690
6.64786	33698
6.65292	33706
6.65799	33714
6.66305	33722
6.66482	33730
6.66988	33738
6.67412	33746
6.67919	33754
6.68343	33762
6.68849	33770
6.69355	33778
6.69779	33786
6.70368	33794
6.70875	33802
6.71381	33810
6.7197	33818
6.77804	33826
6.7831	33834
6.78816	33842
6.79405	33850
6.79747	33858
6.80253	33866
6.8076	33874
6.81266	33882
6.81855	33890
6.82361	33898
6.82868	33906
6.83374	33914
6.83798	33922
6.84304	33930
6.84728	33938
6.85152	33946
6.85741	33954
6.86248	33962
6.86754	33970
6.86931	33978
6.8752	33986
6.87944	33994
6.8845	34002
6.88874	34010
6.8938	34018
6.89887	34026
6.90311	34034
6.909	34042
6.91406	34050
6.91912	34058
6.92501	34066
6.97972	34074
6.98479	34082
6.98985	34090
6.99574	34098
6.99998	34106
7.00504	34114
7.01011	34122
7.01517	34130
7.02106	34138
7.02612	34146
7.03119	34154
7.03625	34162
7.04049	34170
7.04555	34178
7.04979	34186
7.05486	34194
7.06075	34202
7.06581	34210
7.07087	34218
7.07264	34226
7.07853	34234
7.08359	34242
7.08866	34250
7.0929	34258
7.09796	34266
7.10303	34274
7.10727	34282
7.11315	34290
7.11822	34298
7.12328	34306
7.12917	34314
7.18172	34322
7.18679	34330
7.19185	34338
7.19774	34346
7.20198	34354
7.20704	34362
7.21211	34370
7.21717	34378
7.22306	34386
7.22812	34394
7.23319	34402
7.23825	34410
7.24331	34418
7.24838	34426
7.25262	34434
7.25768	34442
7.26357	34450
7.26863	34458
7.2737	34466
7.27629	34474
7.28218	34482
7.28724	34490
7.29231	34498
7.29655	34506
7.30161	34514
7.30667	34522
7.31091	34530
7.3168	34538
7.32187	34546
7.32693	34554
7.3287	34562
7.33459	34570
7.38419	34578
7.38926	34586
7.39432	34594
7.40021	34602
7.40527	34610
7.41034	34618
7.4154	34626
7.42047	34634
7.42635	34642
7.43142	34650
7.43648	34658
7.44155	34666
7.44661	34674
7.45167	34682
7.45591	34690
7.46098	34698
7.46687	34706
7.47193	34714
7.47699	34722
7.48041	34730
7.4863	34738
7.49136	34746
7.49643	34754
7.50067	34762
7.50573	34770
7.51079	34778
7.51586	34786
7.52092	34794
7.52599	34802
7.53187	34810
7.53364	34818
7.53953	34826
7.58704	34834
7.5921	34842
7.59716	34850
7.60305	34858
7.60812	34866
7.61318	34874
7.61824	34882
7.62331	34890
7.6292	34898
7.63426	34906
7.63932	34914
7.64439	34922
7.64945	34930
7.65452	34938
7.65958	34946
7.66464	34954
7.66971	34962
7.6756	34970
7.68066	34978
7.68408	34986
7.68996	34994
7.69503	35002
7.70009	35010
7.70433	35018
7.7094	35026
7.71446	35034
7.71952	35042
7.72541	35050
7.73048	35058
7.73554	35066
7.73813	35074
7.74402	35082
7.79002	35090
7.79508	35098
7.79932	35106
7.80521	35114
7.81027	35122
7.81534	35130
7.8204	35138
7.82547	35146
7.83135	35154
7.83642	35162
7.84148	35170
7.84737	35178
7.85243	35186
7.8575	35194
7.86256	35202
7.86763	35210
7.87269	35218
7.87858	35226
7.88364	35234
7.88706	35242
7.89295	35250
7.89801	35258
7.90307	35266
7.90731	35274
7.9132	35282
7.91827	35290
7.92333	35298
7.92922	35306
7.93428	35314
7.93935	35322
7.94194	35330
7.94783	35338
7.99172	35346
7.99679	35354
8.00103	35362
8.00691	35370
8.01198	35378
8.01704	35386
8.02293	35394
8.02799	35402
8.03388	35410
8.03895	35418
8.04401	35426
8.0499	35434
8.05496	35442
8.06003	35450
8.06509	35458
8.07015	35466
8.07522	35474
8.08111	35482
8.08617	35490
8.08959	35498
8.09547	35506
8.10054	35514
8.1056	35522
8.10984	35530
8.11573	35538
8.12079	35546
8.12586	35554
8.13175	35562
8.13681	35570
8.14187	35578
8.14529	35586
8.15118	35594
8.19372	35602
8.19879	35610
8.20303	35618
8.20891	35626
8.21398	35634
8.21575	35642
8.22081	35650
8.2267	35658
8.23176	35666
8.23765	35674
8.24271	35682
8.24778	35690
8.25367	35698
8.25873	35706
8.26379	35714
8.26886	35722
8.27392	35730
8.27899	35738
8.28487	35746
8.28994	35754
8.29335	35762
8.29924	35770
8.30431	35778
8.30937	35786
8.31361	35794
8.3195	35802
8.32456	35810
8.32963	35818
8.33551	35826
8.34058	35834
8.34564	35842
8.34988	35850
8.35577	35858
8.39619	35866
8.40126	35874
8.40632	35882
8.41221	35890
8.41727	35898
8.41904	35906
8.42411	35914
8.42999	35921
8.43506	35928
8.44095	35935
8.44601	35942
8.45107	35949
8.45696	35956
8.46203	35963
8.46709	35970
8.47215	35977
8.47804	35984
8.48311	35991
8.48817	35998
8.49406	36005
8.49747	36012
8.50336	36019
8.50843	36026
8.51349	36033
8.51773	36040
8.52362	36047
8.52868	36054
8.53375	36061
8.53963	36068
8.5447	36075
8.54976	36082
8.55483	36089
8.55989	36096
8.59904	36103
8.6041	36110
8.60916	36117
8.61505	36124
8.62012	36131
8.62271	36138
8.62777	36145
8.63284	36152
8.6379	36159
8.64379	36166
8.64885	36173
8.65392	36180
8.6598	36187
8.66487	36194
8.66993	36201
8.675	36208
8.68088	36215
8.68595	36222
8.69101	36229
8.6969	36236
8.70114	36243
8.70703	36250
8.71209	36257
8.71716	36264
8.7214	36271
8.72728	36278
8.73235	36285
8.73741	36292
8.7433	36299
8.74836	36306
8.75343	36313
8.75849	36320
8.76356	36327
8.80072	36334
8.80579	36341
8.81085	36348
8.81674	36355
8.8218	36362
8.82522	36369
8.83028	36376
8.83535	36383
8.84041	36390
8.8463	36397
8.85136	36404
8.85643	36411
8.86231	36418
8.86738	36425
8.87244	36432
8.87751	36439
8.88339	36446
8.88846	36453
8.89352	36460
8.89941	36467
8.90365	36474
8.90954	36481
8.9146	36488
8.91967	36495
8.92473	36502
8.92979	36509
8.93486	36516
8.94075	36523
8.94581	36530
8.9517	36537
8.95676	36544
8.96183	36551
8.96689	36558
9.00272	36565
9.00779	36572
9.01285	36579
9.01874	36586
9.0238	36593
9.02722	36600
9.03228	36607
9.03735	36614
9.04323	36621
9.0483	36628
9.05419	36635
9.05925	36642
9.06431	36649
9.0702	36656
9.07527	36663
9.08033	36670
9.08622	36677
9.09128	36684
9.09305	36691
9.09729	36698
9.10318	36705
9.10742	36712
9.11331	36719
9.11837	36726
9.12343	36733
9.1285	36740
9.13356	36747
9.13863	36754
9.14451	36761
9.14958	36768
9.15547	36775
9.16053	36782
9.16559	36789
9.17148	36796
9.20519	36803
9.21026	36810
9.21532	36817
9.22121	36824
9.22627	36831
9.23051	36838
9.23558	36845
9.24064	36852
9.24653	36859
9.25159	36866
9.25748	36873
9.26255	36880
9.26761	36887
9.2735	36894
9.27856	36901
9.28363	36908
9.28951	36915
9.29458	36922
9.29717	36929
9.30141	36936
9.3073	36943
9.31154	36950
9.31743	36957
9.32249	36964
9.32755	36971
9.33262	36978
9.33768	36985
9.34275	36992
9.34863	36999
9.3537	37006
9.35959	37013
9.36465	37020
9.36971	37027
9.3756	37034
9.40804	37041
9.4131	37048
9.41816	37055
9.42405	37062
9.42912	37069
9.43336	37076
9.43842	37083
9.44348	37090
9.44937	37097
9.45444	37104
9.46032	37111
9.46539	37118
9.47045	37125
9.47634	37132
9.4814	37139
9.48647	37146
9.49236	37153
9.49742	37160
9.50084	37167
9.50508	37174
9.51096	37181
9.5152	37188
9.52109	37195
9.52616	37202
9.53122	37209
9.53628	37216
9.54135	37223
9.54641	37230
9.5523	37237
9.55736	37244
9.56325	37251
9.56832	37258
9.57338	37265
9.57927	37272
9.60972	37279
9.61479	37286
9.61985	37293
9.62574	37300
9.6308	37307
9.63587	37314
9.64093	37321
9.64599	37328
9.65188	37335
9.65695	37342
9.66201	37349
9.6679	37356
9.67296	37363
9.67803	37370
9.68391	37377
9.68898	37384
9.69487	37391
9.69993	37398
9.70335	37405
9.70759	37412
9.71347	37419
9.71771	37426
9.7236	37433
9.72867	37440
9.73373	37447
9.73879	37454
9.74386	37461
9.74975	37468
9.75481	37475
9.7607	37482
9.76576	37489
9.77083	37496
9.77671	37503
9.78178	37510
9.81172	37517
9.81679	37524
9.82185	37531
9.82774	37538
9.8328	37545
9.83787	37552
9.84293	37559
9.84799	37566
9.85388	37573
9.85895	37580
9.86401	37587
9.8699	37594
9.87496	37601
9.88003	37608
9.88591	37615
9.89098	37622
9.89687	37629
9.90193	37636
9.90535	37643
9.91041	37650
9.9163	37657
9.92054	37664
9.92643	37671
9.93149	37678
9.93655	37685
9.94162	37692
9.94668	37699
9.95257	37706
9.95763	37713
9.96352	37720
9.96859	37727
9.97365	37734
9.97954	37741
9.9846	37748
